107.3327243
76.31003337
62.56962818
54.72898806
48.72623375
44.65254234
41.28862451
38.58550652
36.53672833
34.69432347
33.27881086
32.0173322
30.89123755
28.9904101
28.19355398
27.43660894
26.09808303
24.87717653
23.81490974
22.89608291
22.11096601
21.01977599
20.39487701
19.53200414
18.60789831
18.00985764
17.31527265
16.58987828
16.12364824
15.4790843
14.97832797
14.37042969
13.90638433
13.37001965
12.91946121
12.44630561
12.00098938
11.64431544
11.29466639
10.92622535
10.55741234
10.2238808
9.891270548
9.579231735
9.273160206
8.980017671
8.65959515
8.342300473
8.023469781
7.694089867
7.39668222
7.129886856
6.913873412
6.722587808
6.552595188
6.367472976
6.147229488
5.921083619
5.632817036
5.238947864
4.854369642
4.569917202
4.394879887
4.310544489
4.205841962
4.093802754
4.05521298
4.069619833
4.064083895
4.019261387
3.974090333
3.957593666
3.99313015
4.053056547
4.099892277
4.128016529
4.135457231
4.131508724
4.113815954
4.021835793
3.845281994
3.783517117
3.803881736
3.943997717
