877.9832594
620.8439403
506.9300939
439.0257307
392.6867446
358.481621
331.8981085
310.470315
292.7218224
277.7075164
264.7906049
253.5242879
234.7300751
226.7766872
213.0306721
201.5173114
191.6911559
179.3246318
172.2984848
163.1559737
152.9643191
144.4745586
137.2604573
129.6029449
123.1020018
116.4609902
109.9276412
104.3870717
98.98117959
93.2790308
88.46557298
83.57297211
79.09758718
74.73705984
70.80406531
67.05084013
63.35246822
59.93690064
56.67802048
53.70929628
50.83634673
48.10637182
45.54439567
43.1102301
40.78431357
38.63012434
36.58414744
34.66525338
32.83813315
31.12211517
29.51020806
27.98462253
26.5472408
25.18935592
23.91418163
22.71601777
21.58594816
20.52859036
19.53391157
18.60006004
17.72599976
16.91091291
16.15018234
15.44140022
14.78207602
14.17323408
13.61250323
13.09730933
12.62789185
12.20310282
11.82313983
11.48692912
11.19559968
10.94894283
10.74797202
10.59405653
10.48874166
10.4339404
10.43220452
10.48648454
10.60017512
10.77735241
11.02249672
11.34091323
11.7384448
12.22178115
12.79840873
13.47683209
14.26672406
