0.0020954879
0.001486712322
0.001222107347
0.001060209018
0.0009461264658
0.0008570441769
0.0007914689188
0.0007373394874
0.0006938368752
0.0006595926056
0.0006314519674
0.0006061903964
0.000582397186
0.0005401499849
0.0005223151421
0.0005051876909
0.0004760019789
0.0004518421112
0.0004291229919
0.0004103667849
0.0003936562627
0.0003735863169
0.0003609792575
0.0003446007453
0.0003259068952
0.0003127915228
0.0002994789592
0.0002841915545
0.0002741031153
0.0002596679136
0.0002498765683
0.0002392110591
0.0002318256737
0.0002225039028
0.0002132892947
0.0002038014895
0.0001941825963
0.0001844601342
0.0001752874627
0.0001665527858
0.0001577855751
0.0001487439514
0.0001413775663
0.0001348783687
0.0001284549479
0.0001237271889
0.0001187553643
0.0001138913937
0.0001090570436
0.0001046224227
0.0001004012143
9.692605409e-05
9.366550433e-05
9.099632436e-05
8.841280793e-05
8.65128728e-05
8.443443626e-05
8.208175802e-05
7.915657418e-05
7.735515239e-05
7.473135533e-05
7.293746305e-05
7.108136843e-05
6.961846288e-05
6.856032434e-05
6.787286323e-05
6.747212662e-05
6.712804927e-05
6.709617771e-05
6.677293944e-05
6.677364254e-05
6.636846731e-05
6.61636783e-05
6.621075667e-05
6.60188651e-05
6.447671657e-05
6.247590496e-05
5.974911575e-05
5.505995209e-05
4.863413852e-05
4.095755023e-05
3.379971839e-05
2.754532365e-05
2.366641355e-05
