0.003173968468
0.002235635385
0.001845370878
0.001603067237
0.00142611653
0.00128428528
0.001181166767
0.001103838782
0.001044398969
0.0009926226087
0.0009520568938
0.0009162358593
0.0008815267866
0.0008138503151
0.0007859771032
0.0007613593169
0.0007211860552
0.0006906775574
0.0006604624311
0.0006323601766
0.0006079797243
0.0005783068132
0.0005573407164
0.0005307369982
0.0005019314979
0.0004791289064
0.0004543458862
0.0004278600443
0.0004128921904
0.0003922896331
0.000379158404
0.0003633203546
0.0003498311997
0.0003339718839
0.0003206368619
0.0003073108527
0.0002931652831
0.0002790521403
0.0002670241178
0.0002553244539
0.0002458901594
0.0002367498443
0.000227051908
0.0002181215496
0.0002088552
0.0001988812333
0.0001901196013
0.0001832153246
0.0001755000802
0.0001689744061
0.0001633480729
0.0001601508795
0.0001570149897
0.000153697422
0.0001507145723
0.0001473180738
0.0001425197917
0.0001371807856
0.0001315844606
0.0001254960849
0.0001200905928
0.000114538233
0.0001091575365
0.0001057437894
0.0001039940705
0.0001028906555
0.0001022927085
0.0001018601925
0.0001016387654
0.0001019394604
0.0001022828651
0.0001031481518
0.0001020348111
9.983843798e-05
9.601563645e-05
9.163263224e-05
8.691728235e-05
8.082152567e-05
7.28498397e-05
6.53471072e-05
5.868268903e-05
5.180979071e-05
4.544568092e-05
3.856190068e-05
