0.06904247192
0.03654841773
0.02564617545
0.02014949042
0.01681978735
0.01457674717
0.01295687215
0.0117280791
0.01076120289
0.009978581397
0.009330674668
0.008784367951
0.007911103037
0.007555548895
0.006960105375
0.006479478328
0.006081935763
0.005597628718
0.005330163764
0.004990203155
0.004621614625
0.004322602477
0.004074020671
0.003815469692
0.003600092103
0.003383821741
0.003174598475
0.002999802391
0.002831486445
0.002656231888
0.002510038119
0.002363007182
0.002229838538
0.002101252761
0.001986220827
0.001877251721
0.001770616727
0.001672768441
0.001579959438
0.001495871752
0.001414907083
0.001338344321
0.001266826371
0.001199182413
0.001134837182
0.001075512117
0.001019428111
0.0009670848628
0.0009175089659
0.0008712216613
0.0008280316993
0.000787469665
0.0007496016463
0.0007142217875
0.0006814447438
0.0006511616113
0.0006232004655
0.0005977396812
0.0005746161911
0.0005538906024
0.0005356612404
0.0005200477457
0.0005071230104
0.0004970414766
0.0004899970071
0.0004862467074
0.0004860332925
0.0004896532426
0.0004974254551
0.0005097010153
0.0005268209555
0.0005492175424
0.0005772373837
0.0006113812639
0.000652132443
0.0006999969618
0.0007555686158
0.0008196049157
0.0008928121853
0.0009761654421
0.001070588739
0.001177318104
0.001297604377
0.001432981896
0.001585099769
0.001755857557
0.00194737092
0.002162039987
0.002402583633
