0.08202153135
0.04342619461
0.03047634561
0.02394698224
0.01999151334
0.01732678894
0.01540228333
0.01394233294
0.01279351576
0.01186358331
0.01109369004
0.01044450014
0.009406723135
0.008984166192
0.008276484759
0.007705235156
0.00723271798
0.006657053838
0.006339128875
0.005935028013
0.005496901527
0.005141490043
0.004846038982
0.004538769099
0.004282844463
0.00402590973
0.00377741812
0.003569891971
0.003370152084
0.003162312816
0.00298908279
0.002815044835
0.0026576324
0.002505904204
0.002370469785
0.002242525816
0.002117767745
0.002003809734
0.001896337731
0.001799655825
0.00170738902
0.001621123492
0.001541686213
0.00146789404
0.001399295218
0.001337856392
0.001281859053
0.001231972307
0.001187460846
0.00114899877
0.001116566851
0.001089981657
0.001069459891
0.001055032492
0.001046837129
0.00104486009
0.001049110192
0.001059519609
0.001076080392
0.001098735289
0.00112736403
0.001161782133
0.001201967347
0.001247869526
0.001299505528
0.001356629278
0.001419279063
0.001487649251
0.001561663892
0.001641489353
0.001727124479
0.001818950364
0.001916897783
0.002021407361
0.002132708214
0.00225099863
0.0023765822
0.00250996334
0.002651360667
0.002801343202
0.002960186274
0.003128501506
0.00330669952
0.003495396834
0.003695130334
0.003906527351
0.004130227333
0.0043669355
0.004617422638
