171.661262
229.0148074
258.181092
262.2705368
254.1568602
241.5939755
227.7163584
214.1219397
201.9443934
191.3289539
182.0454341
174.0380353
161.2345732
156.0260591
147.4363624
140.1458882
133.6437735
125.2630751
120.5598187
114.6817632
108.2524041
102.6601811
98.04324051
93.30316783
89.11264045
85.15334859
81.51209849
78.41426327
75.21066457
71.81420071
68.71075843
65.23470614
61.81545874
58.09271887
54.57175612
51.45823737
48.70149428
46.33373471
43.8294423
41.93017585
41.56288049
40.79223115
39.86716908
39.0307701
38.58332397
37.93802246
36.30976414
34.59443365
32.32131586
29.71086293
26.46678387
23.72626084
21.64511616
20.08714204
18.8654091
17.5753007
17.03966213
16.70840347
15.44307002
13.72289029
13.08624281
12.73964625
12.70110758
11.72132095
11.37994292
11.41379301
10.75191532
10.64287104
10.16923847
9.922831664
9.308864766
9.023214054
8.778140542
8.686139141
8.819183371
9.066226187
9.487017534
10.04344869
10.75861544
11.60818239
12.46451346
13.40003022
14.47188839
15.50508207
16.86935425
18.49524218
20.47278859
22.79231429
25.50851826
