68.88332823
50.07072164
41.48904264
36.30305003
32.65604374
29.97362855
27.78810281
25.9612953
24.45618544
23.2107717
22.14449553
21.19866872
20.38721298
19.03006324
18.43930598
17.90779232
17.00379555
16.20794184
15.53281296
14.9264033
14.35996511
13.61278944
13.18281521
12.59863435
11.87913171
11.43692347
10.92866622
10.38816939
10.01317247
9.49883074
9.120451422
8.648721363
8.313142928
7.943917921
7.647508873
7.376277878
7.123896973
6.912138621
6.742716148
6.613533242
6.503697091
6.362175355
6.220110892
6.094217225
5.984909005
5.882070099
5.768843397
5.664841571
5.575647006
5.509986062
5.433656763
5.369843297
5.318435613
5.271228882
5.239479908
5.215324968
5.19622976
5.185365503
5.210139332
5.230286043
5.280491785
5.378204907
5.507719401
5.659458869
5.809543499
5.953958412
6.084892914
6.183951603
6.218841639
6.19780905
6.144158868
6.037528251
5.857485734
5.630361421
5.498354183
5.475456259
5.543496252
5.649801266
5.760228478
5.828619518
5.785260424
5.627873963
5.501859067
5.485501567
