535.657307
378.6084318
309.0921592
267.6660247
239.4006866
218.5386111
202.3260356
189.2583383
178.4347664
169.2787683
161.4019084
154.5316608
143.0709533
138.2209912
129.8386798
122.8177933
116.8257088
109.2843594
104.9995933
99.42408223
93.2085544
88.03074353
83.6307576
78.96010032
74.9946631
70.94353191
66.95777419
63.57739319
60.27888352
56.7992277
53.86152148
50.87510772
48.14293392
45.48041184
43.07846852
40.78581737
38.52610943
36.43860231
34.44622427
32.63059575
30.87284545
29.20181377
27.63281212
26.14122126
24.71501963
23.39312951
22.13658331
20.95695593
19.83251843
18.77513521
17.78049073
16.83757879
15.94751874
15.10486965
14.3115746
13.56404089
12.85663001
12.19215385
11.56421769
10.97151992
10.41325946
9.888767022
9.394894205
8.92984448
8.491692858
8.080802815
7.695227915
7.332740765
6.992960148
6.674417472
6.376509561
6.097467252
5.837113897
5.593914677
5.367105553
5.156020512
4.959837387
4.777546365
4.60863103
4.45219128
4.307719602
4.174431873
4.051784469
3.939132717
3.835946122
3.741696067
3.655907282
3.578139189
3.507999206
