140.1447966
169.7497755
184.113671
185.2039074
181.3849551
175.9387353
169.8790548
163.4893155
156.9891837
150.7093778
144.876721
139.5272138
129.9154387
125.4080338
117.0167967
110.1010668
104.7595408
98.30472206
94.49987287
90.01343345
86.71282476
84.88210411
82.77827988
79.95363695
77.95094533
76.33530822
74.72288576
73.08385616
71.4139603
69.91872052
68.71850902
67.57555291
66.46685849
65.11409445
63.51714022
61.61650379
59.03379427
55.72804204
51.86125998
47.79748167
43.75638221
39.69881759
36.13763852
33.27424437
30.8958399
29.24299077
28.19915048
27.0083502
25.4896062
23.86123519
22.4796488
21.29088152
19.94489452
18.63575881
17.39451701
16.32354451
15.45306487
14.63291912
13.65231305
12.6297769
11.7286486
10.85346733
9.9449165
8.973795085
8.314616094
7.795848723
7.241948762
6.744389051
6.125289723
5.567922564
5.307475377
5.093113169
4.922460703
4.570823144
4.365348125
4.180672526
3.860624369
3.821185366
3.622717962
3.458627062
3.129584151
2.759805491
2.492432959
2.335326446
2.144128258
1.932617958
1.949902571
1.965145758
1.736850832
