0.008741082878
0.01141873951
0.01199142629
0.01229359444
0.01244422853
0.01234059729
0.01195432114
0.01134582188
0.01061846921
0.009878092417
0.00920747163
0.008645791371
0.007807670463
0.007473428325
0.006906837783
0.006505570979
0.006225053477
0.005738913749
0.005346618447
0.00483159215
0.004433038755
0.004205592047
0.003911854103
0.003555389529
0.003349746105
0.003198886595
0.003071935144
0.002918252521
0.002744709428
0.002571655021
0.002447132049
0.002343360086
0.002233827115
0.002134098968
0.002061488704
0.00198537539
0.001914988414
0.001845622652
0.00178099058
0.001716229726
0.001652278487
0.001587310559
0.001532344316
0.001486368276
0.001446773759
0.001414393286
0.001392198196
0.001379633822
0.001371133
0.001369633116
0.001375815179
0.00138638507
0.00140294584
0.001422147438
0.001444890743
0.001468976375
0.001492916059
0.001520228201
0.001550541818
0.00158414572
0.001624261975
0.001674040385
0.001738448632
0.001816261659
0.001901237695
0.001992511468
0.002088616665
0.002186600816
0.002286747808
0.002386142369
0.00248500705
0.002578531378
0.002667355813
0.002757800312
0.002863755887
0.002993655831
0.003149982897
0.003339596977
0.003549360735
0.003745230214
0.003912448093
0.004032225023
0.004085389407
0.004036103951
0.003891327515
0.003809164128
0.00380181859
0.003901036577
0.004114086604
