0.002498762638
0.004997525277
0.007496287915
0.009995050554
0.01249381319
0.01499257583
0.01749133847
0.01999010111
0.02248886375
0.02498762638
0.02748638902
0.02998515166
0.03498267694
0.03748143958
0.04247896485
0.04747649013
0.05247401541
0.05997030332
0.0649678286
0.07246411652
0.08245916707
0.09245421762
0.1024492682
0.1149430814
0.1274368946
0.1424294704
0.1599208089
0.1774121473
0.1974022484
0.2223898748
0.2473775012
0.2773626529
0.3098465672
0.3473280067
0.387308209
0.4322859365
0.4847599519
0.5422314925
0.6071993211
0.677164675
0.7571250795
0.8470805344
0.94703104
1.059475359
1.186912253
1.326842961
1.484265007
1.659178392
1.85658064
2.076471753
2.321350491
2.596214381
2.903562186
3.24839143
3.633200876
4.06298805
4.545249239
5.082483207
5.684685003
6.359350915
7.113977232
7.956060241
8.898093756
9.952571589
11.13448632
12.45383299
13.92810295
15.57978505
17.42637064
19.49284734
21.80170402
24.38792335
27.27649296
30.50989182
34.12810012
38.17359683
42.6963572
47.75885031
53.41854769
59.75291097
66.83440429
74.75798062
83.61859293
93.53118432
104.6181941
117.0195531
130.8901845
146.4050018
163.761407
