0.02000896486
0.04001792972
0.06002689457
0.08003585943
0.1000448243
0.1200537891
0.140062754
0.1600717189
0.1800806837
0.2000896486
0.2200986134
0.2401075783
0.2601165432
0.3001344729
0.3201434377
0.3401524026
0.3801703323
0.420188262
0.4602061917
0.5002241214
0.5402420512
0.6002689457
0.6402868755
0.70031377
0.7803496295
0.840376524
0.9204123835
1.020457208
1.100493067
1.220546856
1.320591681
1.460654435
1.580708224
1.740779943
1.900851661
2.080932345
2.281021994
2.501120607
2.741228186
3.001344729
3.281470237
3.601613674
3.941766077
4.301927444
4.722115706
5.162312933
5.662537055
6.202779106
6.783039087
7.443334927
8.143648697
8.923998327
9.764374851
10.68478723
11.70524444
12.82574647
14.04629333
15.38689398
16.84754841
18.4482656
20.20905451
22.12991513
24.25086541
26.55189637
29.0930349
31.85427205
34.89563471
38.21712288
41.85875448
45.84053849
50.22250179
55.00464439
60.24699319
65.96955714
72.2523721
79.15546498
86.67883576
94.94253825
103.9865904
113.9110369
124.7558959
136.641221
149.6670571
163.9134401
