0.01054624442
0.01348060015
0.01351920085
0.01309421599
0.01255953784
0.01191394967
0.01116413032
0.0103567601
0.009564226858
0.008848083704
0.008250902114
0.007786488421
0.007163396212
0.006933640041
0.006558450446
0.006300928225
0.006091456499
0.005691054192
0.005403047193
0.005031254555
0.004696421878
0.004453292833
0.004192079716
0.003950346819
0.003771840802
0.003567547896
0.003400829483
0.00322811943
0.003074719882
0.002894579851
0.002754628504
0.002617546552
0.002484576979
0.002349971074
0.002231942899
0.00212167851
0.002013878938
0.001911101408
0.001815472941
0.001732918905
0.001662013763
0.001594305549
0.001536766957
0.001483761273
0.001436799467
0.001396631457
0.001357810212
0.001325438733
0.0012976985
0.001274654863
0.001254341155
0.001239353956
0.001227370982
0.001219608548
0.001216128341
0.001216446944
0.001218317891
0.001219653916
0.001220784243
0.001222540764
0.001225726266
0.001229929328
0.001238268321
0.001252678161
0.001277497696
0.001310673191
0.001350718174
0.00139726431
0.001449192755
0.001503383416
0.001557174917
0.001606242947
0.001645950388
0.001671018096
0.001684533606
0.001692627609
0.001704653699
0.001729715517
0.001767144938
0.00180705474
0.001864260197
0.001942878693
0.00201458149
0.002027077341
0.002007233771
0.002031737977
0.002094013494
0.002186780069
0.002332438762
