817.4259207
568.1693533
461.2070966
398.2470842
355.577143
324.2172304
299.9181793
280.3749253
264.2146496
250.562078
238.8293289
228.6049661
211.566797
204.3629312
191.9207926
181.5073751
172.6253219
161.4535927
155.1093954
146.8574511
137.662617
130.0063029
123.5024995
116.6009321
110.74329
104.7608255
98.87665604
93.88759837
89.02065195
83.88786475
79.55573034
75.15302802
71.1263679
67.20363588
63.66605418
60.29070673
56.96528611
53.89477922
50.96582047
48.2983761
45.71783201
43.26670116
40.96755066
38.7844396
36.70002065
34.77135051
32.94174749
31.22834608
29.59994185
28.0741507
26.6451347
25.29761967
24.03387697
22.84695401
21.74044456
20.71024281
19.74972736
18.86395312
18.04576613
17.29516892
16.61294304
16.00006557
15.45478808
14.97731013
14.56801266
14.22942333
13.9618466
13.7657878
13.64292396
13.59422801
13.62072271
13.72344167
13.9029449
14.16039912
14.49674392
14.91276777
15.4096872
15.98988903
16.65497968
17.40866847
18.25387103
19.19597053
20.24013376
21.39366209
22.6644826
24.0622832
25.59817908
27.28523061
29.1386574
