0.003370231205
0.001956375238
0.001463032425
0.001204733854
0.001042756185
0.0009301776754
0.0008465597011
0.0007815062598
0.0007291393882
0.0006858692947
0.0006493708921
0.0006180668182
0.0005908461151
0.0005456319918
0.0005265782567
0.0005093842428
0.0004795055897
0.000454338351
0.0004327696233
0.0004140214793
0.0003975319314
0.0003761479653
0.0003636903484
0.0003471535114
0.000328294982
0.0003160401242
0.0003016877328
0.000286279331
0.0002755579857
0.000261574584
0.0002514633646
0.0002391549217
0.0002299797874
0.0002193057819
0.0002100554882
0.0002009956419
0.0001922581972
0.0001839269759
0.0001760489402
0.0001686441675
0.000161713975
0.0001548462949
0.0001485263922
0.0001427076146
0.0001368217748
0.0001314860461
0.0001262406791
0.0001213521733
0.0001168149879
0.0001123656655
0.0001083065382
0.0001044183427
0.0001008261791
9.745491133e-05
9.426425401e-05
9.12868521e-05
8.854056663e-05
8.599757441e-05
8.367413932e-05
8.155235337e-05
7.962419631e-05
7.790406365e-05
7.637129467e-05
7.50511267e-05
7.391881639e-05
7.299221512e-05
7.225763541e-05
7.172202307e-05
7.138255818e-05
7.123990684e-05
7.129401223e-05
7.154466052e-05
7.19921428e-05
7.263392767e-05
7.347358704e-05
7.45133469e-05
7.574461936e-05
7.717703672e-05
7.880664456e-05
8.063904135e-05
8.26678023e-05
8.490027811e-05
8.733897745e-05
8.998140818e-05
