0.05935631295
0.03216748398
0.02298645081
0.01832414454
0.01547899258
0.01354844389
0.01214451021
0.01107246743
0.01022366217
0.009532583419
0.008957320288
0.008469773314
0.007685052939
0.007363433296
0.006821751041
0.006381462899
0.006015039263
0.005565683591
0.00531604704
0.004997162557
0.004649358139
0.004365598313
0.004128601693
0.003881072099
0.003674115117
0.003465665528
0.003263487824
0.003094274182
0.002931172808
0.002761318683
0.002619748381
0.002477647143
0.002349370764
0.002226112979
0.002116579127
0.002013708489
0.001914182899
0.001824189954
0.001740393492
0.001666186661
0.001596731965
0.001533369319
0.001476784336
0.001426208849
0.001381464319
0.001343870621
0.001312372891
0.001287382027
0.001268565806
0.001256245548
0.001250355434
0.001250850413
0.001257751762
0.001271081636
0.001290733808
0.001316644357
0.001348896147
0.001387200642
0.001431743525
0.001482502038
0.001539398288
0.001602303619
0.001671411106
0.001746845023
0.001828829124
0.001917169115
0.002012114098
0.00211412072
0.002223220301
0.002339788886
0.002463940566
0.002596327899
0.002736938184
0.002886479809
0.003045344632
0.003213871305
0.003392540264
0.003582109653
0.003782924699
0.003995822963
0.004221220263
0.004460005744
0.004712779945
0.004980432658
0.005263738331
0.005563597718
0.005880927092
0.00621673465
0.006572120459
