211.2621874
299.8912274
345.343129
354.0290274
344.3054543
327.7128993
309.4830442
291.9656541
276.3753229
262.9080618
251.345766
241.4906203
225.7959913
219.4214867
208.8590918
199.8592672
191.6145154
180.4218185
173.9282684
165.3029031
155.4476128
146.9725004
140.0673932
133.2188513
127.2112718
121.4016431
115.9391346
111.3364466
106.5596564
101.4380585
96.64980742
91.30950431
86.00490266
79.78187238
73.10000838
67.10024083
61.7634467
57.60237793
53.56461777
50.80161817
52.01229755
52.46130374
52.02077931
51.56928407
51.79670867
51.37839511
50.02085909
48.23819389
46.17374887
43.35985348
39.04262057
35.36870161
31.65708786
28.55533662
25.74716162
23.18812979
22.29375763
22.0814144
20.2988403
17.61982214
16.7729947
16.36235322
15.43225027
13.04894658
12.43530411
12.85857637
11.8541737
11.25131244
10.54778726
10.41785922
9.170060184
8.984711425
8.472142537
8.137692256
7.867669143
7.494282601
7.441310129
7.522660299
7.624456629
7.909135229
8.303563916
8.777273548
9.423215113
9.925981481
10.37167401
10.79303373
11.12798895
11.47103088
11.93000664
