0.004894394623
0.002888961881
0.002181095806
0.001807030143
0.00157070379
0.001405452827
0.001282094906
0.001185718536
0.001107857365
0.001043321115
0.0009887364084
0.000941807478
0.000900912714
0.0008327996027
0.0008040241986
0.0007780198326
0.0007327443936
0.0006945205382
0.0006616963837
0.0006331140656
0.0006079350878
0.0005752250555
0.0005561383961
0.0005307655082
0.0005017777331
0.0004829090764
0.000460777642
0.0004369756011
0.0004203863782
0.0003987132888
0.0003830140952
0.0003638692045
0.0003495713531
0.0003329062474
0.0003184336722
0.0003042286598
0.0002904972411
0.0002773713443
0.0002649259861
0.0002531945374
0.0002421811983
0.0002312302962
0.0002211155426
0.000211766384
0.000202268394
0.0001936167435
0.000185066902
0.0001770521242
0.0001695661764
0.000162173316
0.0001553759132
0.0001488086201
0.0001426832618
0.0001368738908
0.0001313106341
0.0001260499363
0.0001211250104
0.0001164878301
0.0001121701592
0.0001081414266
0.0001043881807
0.0001009412634
9.776191375e-05
9.490640126e-05
9.232545779e-05
9.006388081e-05
8.809320824e-05
8.64354414e-05
8.5086827e-05
8.405417169e-05
8.333530597e-05
8.2938884e-05
8.286294129e-05
8.310686514e-05
8.36708925e-05
8.455615017e-05
8.575196256e-05
8.726349464e-05
8.908238775e-05
9.120995839e-05
9.363329059e-05
9.635544092e-05
9.937397645e-05
0.0001026803007
