92.21247925
64.51108981
52.51648371
45.43433551
40.62837365
37.09458669
34.35632865
32.15447127
30.33445246
28.79761845
27.47765304
26.32811463
25.31538162
23.60622126
22.87594034
22.2118982
21.04677356
20.05460622
19.19673632
18.44559873
17.78094007
16.91371143
16.40590566
15.72909983
14.95383096
14.44829653
13.8547426
13.2160478
12.77095703
12.18991279
11.76960776
11.2580783
10.87705083
10.43433788
10.05138912
9.677197375
9.317365952
8.975442808
8.653391487
8.352013339
8.07129512
7.794569094
7.541358227
7.309582026
7.076585139
6.866729559
6.661780631
6.472045765
6.297079935
6.126571791
5.971919993
5.824534304
5.68893634
5.562043893
5.442102164
5.330082552
5.226391742
5.129709018
5.040382089
4.957455228
4.88032805
4.809304162
4.743247222
4.682996386
4.627183831
4.57645908
4.52988285
4.487674828
4.449483935
4.415272312
4.384739229
4.358084897
4.335152891
4.316056952
4.300770944
4.289472099
4.28246255
4.279979497
4.282445282
4.290380097
4.304370888
4.325203558
4.353802021
4.391177572
