87.51303475
63.12945277
51.92932023
45.1580443
40.48813313
37.10346491
34.533799
32.48264628
30.74788268
29.22386862
27.91244886
26.72973016
25.67659455
23.93364918
23.16460204
22.45189416
21.26150778
20.2064257
19.25776697
18.42982155
17.71993081
16.79860203
16.28776794
15.61753547
14.85455837
14.37196802
13.80191813
13.18866423
12.71301337
12.11049459
11.6840925
11.16299838
10.7568411
10.29372403
9.895007001
9.518727904
9.156594294
8.781628438
8.425113511
8.082167331
7.776955284
7.500501293
7.270329793
7.092366273
6.923756843
6.759395911
6.591633858
6.471389332
6.3744237
6.263149033
6.127389344
6.007949747
5.885549792
5.765245425
5.654465576
5.534789041
5.421831822
5.361992807
5.341831573
5.358217668
5.397545596
5.438104878
5.463094851
5.478839333
5.432719249
5.352154536
5.227804438
5.054310912
4.841681497
4.589512569
4.224142138
3.778944095
3.305719851
2.858278695
2.477356044
2.203879039
1.970033642
1.852115435
1.914714206
2.094645247
2.315880706
2.436287781
2.398979256
2.32475451
