0.0193247152
0.02359582033
0.02074907018
0.01744331483
0.01511147512
0.01374443099
0.01266994691
0.0118684122
0.01137684629
0.01093864268
0.01048700337
0.01007243864
0.009287217049
0.008808220855
0.00776775354
0.006943849406
0.006381023712
0.005749953329
0.005336761305
0.004958735096
0.004732756099
0.00446094557
0.004216045467
0.003865388361
0.00364026251
0.003422833588
0.003204138444
0.002995933874
0.002827043504
0.002634082714
0.002473219207
0.002326518392
0.002196741932
0.002068326432
0.001953782017
0.001848840064
0.001750413667
0.001655889834
0.001570807789
0.001489381579
0.001414932255
0.001340484018
0.001267568133
0.001197129522
0.001123067476
0.001050840912
0.0009823764874
0.0009220057141
0.000868396619
0.0008199228458
0.0007705009985
0.0007303815261
0.0006985341148
0.0006704605989
0.0006400220246
0.0006129530967
0.0005899590689
0.0005757815946
0.0005632287247
0.0005534368679
0.000548908844
0.0005465362668
0.000545674291
0.0005418241639
0.0005337469694
0.0005236922561
0.0005122972984
0.0005012237824
0.0004973640847
0.0005020368686
0.0005171635921
0.0005391715117
0.0005661815865
0.0006017068612
0.0006394147693
0.0006783463905
0.0007277940344
0.0007898184183
0.0008661640117
0.0009517231828
0.001054215285
0.001173431456
0.001305348379
0.001451851868
0.001613355183
0.001794047323
0.00199088437
0.002217092071
0.002485263361
