78.29065377
53.99779772
43.74347296
37.75296582
33.71205271
30.75232392
28.46520087
26.62991628
25.11537616
23.83819111
22.74245702
21.7891097
20.94991985
19.53513781
18.93121649
18.38237957
17.42011746
16.60145381
15.89419347
15.27540539
14.72825627
14.01495884
13.59763496
13.04186373
12.40592659
11.99169475
11.50585503
10.98377954
10.62046399
10.14690797
9.804960087
9.389609004
9.080907093
8.72310672
8.414514832
8.113959142
7.826038735
7.553660661
7.29842853
7.060990509
6.841325551
6.626513716
6.431800416
6.255465907
6.080448314
5.925184777
5.776235183
5.641267251
5.519893484
5.405150952
5.304830414
5.213359348
5.133639267
5.063832992
5.003165326
4.952334688
4.911567449
4.880379884
4.858910649
4.846917338
4.844402811
4.85138703
4.868026776
4.894047477
4.929957521
4.975266112
5.030668534
5.095857587
5.171218349
5.256713835
5.353131697
5.45989833
5.577705246
5.706293816
5.846685742
5.99936249
6.163405648
6.340438767
6.530231292
6.733713202
6.950464404
7.181567131
7.427534566
7.68837535
