117.1178103
82.84906837
67.67396062
58.63159244
52.46334872
47.91202956
44.37621056
41.52724664
39.16838185
37.17367483
35.45827639
33.9626575
32.64365614
30.41450679
29.4607753
28.59284142
27.068225
25.76802705
24.64226201
23.65525298
22.78076332
21.63800968
20.96786011
20.07339281
19.04677785
18.37604302
17.58704692
16.73603984
16.14160771
15.36366171
14.79938445
14.11065082
13.59603643
12.99617577
12.47540408
11.96462391
11.47142714
11.00070189
10.55524402
10.13630721
9.744057098
9.355225117
8.997321633
8.667728917
8.334256368
8.031847097
7.734403576
7.456972279
7.199174566
6.945932931
6.71433851
6.491761955
6.285216583
6.090242225
5.904301409
5.729060791
5.565363574
5.41132809
5.267704744
5.133151531
5.006863893
4.889508975
4.779364839
4.677982074
4.583197633
4.496233993
4.415587347
4.341718533
4.274078392
4.212639286
4.156868175
4.107108681
4.063015412
4.02470735
3.991967693
3.964899242
3.943841265
3.928825742
3.920231313
3.918447494
3.923985917
3.937474979
3.959694012
3.991497289
